FORMAT: 
{Queen count}
{Time in seconds taken}
{Moves}
{Failures}

4
0.0
3
1

5
0.0
2
2

6
0.0
3
5

7
0.0156252384185791
4
3

8
0.015625476837158203
4
1

9
0.12500834465026855
6
9

10
0.40628695487976074
5
18

11
0.14063453674316406
6
3

12
1.9845077991485596
8
39

13
0.8281805515289307
7
10

14
3.828381061553955
7
34

15
12.45417046546936
10
79

16
19.246686935424805
9
88

17
7.631383895874023
9
26

18
18.85670804977417
9
48

19
14.340967893600464
10
28

20
23.869861125946045
9
35

21
15.31718921661377
13
17

22
13.668598890304565
12
12

23
31.352946519851685
15
22

24
148.13061785697937
14
89

25
190.60923862457275
14
92

26
208.32909178733826
14
84

27
8.859968185424805
15
2

28
10.012622833251953
13
2

29
592.901326417923
15
138

30
1327.189837694168
15
263

31
147.80840158462524
17
24

32
7.633664846420288
17
0